    A   R   N   D   C   Q   E   G   H   I   L   K   M   F   P   S   T   W   Y   V   B   Z   X
A  10 -10  -9  -8 -10 -10  -7  -5 -12 -10 -12 -11  -9 -15  -5  -2  -1 -17 -16  -3  -9  -8  -1
R -10  12 -10 -14  -7  -3 -11  -6  -3 -14 -12   0 -11 -18  -9  -7  -9  -6 -14 -14 -12  -7  -1
N  -9 -10  13  -1 -11  -8  -9  -8  -2 -11 -15  -4 -12 -16 -13  -1  -4 -18  -9 -14   6  -8  -1
D  -8 -14  -1  12 -16  -9   1  -6  -7 -16 -18 -11 -15 -20 -15  -9 -11 -20 -11 -12   6  -4  -1
C -10  -7 -11 -16  17 -16 -19  -9  -9 -14 -13 -17 -12  -8 -14  -4 -11  -7  -4 -10 -14 -17  -1
Q -10  -3  -8  -9 -16  13  -3 -12   0 -16  -9  -3 -11 -18  -5 -10 -10 -14 -12 -14  -9   5  -1
E  -7 -11  -9   1 -19  -3  11  -7 -12 -16 -17  -5 -14 -20 -14 -12 -12 -17 -18 -11  -4   4  -1
G  -5  -6  -8  -6  -9 -12  -7  11 -13 -17 -18 -12 -15 -19 -12  -5 -11 -10 -17 -11  -7  -9  -1
H -12  -3  -2  -7  -9   0 -12 -13  15 -14 -10  -9 -12 -11  -7  -8 -10 -16   0 -15  -4  -6  -1
I -10 -14 -11 -16 -14 -16 -16 -17 -14  12  -4 -14  -1  -8 -15 -11  -4 -16 -12   2 -13 -16  -1
L -12 -11 -15 -18 -13  -9 -17 -18 -10  -4  10 -15  -2  -4  -7 -10 -12 -10 -13  -5 -17 -13  -1
K -11   0  -4 -12 -17  -3  -5 -12  -9 -14 -15  12  -9 -21 -13 -10  -7 -16 -17 -15  -8  -4  -1
M  -9 -11 -12 -15 -12 -11 -15 -16 -12  -1  -2  -9  15 -10 -14 -12  -4 -13 -14  -3 -13 -13  -1
F -15 -19 -16 -19  -8 -18 -20 -19 -11  -8  -4 -19 -10  13 -14  -8 -15 -10   0  -9 -17 -19  -1
P  -5  -9 -13 -15 -14  -5 -14 -12  -7 -15  -7 -13 -14 -14  12  -3  -7 -18 -16 -13 -14 -10  -1
S  -2  -8  -1  -9  -4 -10 -12  -5  -8 -11 -10 -10 -12  -8  -3  10  -1 -12  -9 -11  -5 -11  -1
T  -1  -9  -4 -11 -10 -10 -12 -11 -10  -4 -12  -7  -4 -15  -7  -1  11 -16 -14  -7  -7 -11  -1
W -17  -6 -18 -18  -7 -14 -18 -10 -17 -17 -10 -17 -14 -10 -18 -12 -15  18  -9 -13 -18 -16  -1
Y -16 -14  -9 -11  -4 -12 -18 -17   0 -12 -12 -17 -14   0 -16  -9 -13  -9  14 -15 -10 -15  -1
V  -3 -14 -14 -12  -9 -14 -11 -11 -15   2  -5 -15  -2  -9 -13 -11  -7 -13 -14  11 -13 -12  -1
B  -9 -12   6   6 -14  -9  -4  -7  -4 -13 -17  -8 -13 -18 -14  -5  -7 -19 -10 -13  12  -6  -1
Z -12 -13 -13  -4 -27   4  10 -13 -12 -24 -21  -6 -20 -29 -17 -17 -17 -24 -24 -18  -6  12  -1
X  -1  -1  -1  -1  -1  -1  -1  -1  -1  -1  -1  -1  -1  -1  -1  -1  -1  -1  -1  -1  -1  -1  -1
